   1     42     37
   2    852    873
   3    610    817
   4     21    317
   5    958    188
   6    619    780
   7    867    106
   8    631    697
   9    609    618
  10      8    966
  11    151    890
  12    249    880
  13    177     17
  14    604    463
  15    660    346
  16    578    218
  17    576    682
  18      2    285
  19    797    766
  20     69    607
  21    766    214
  22    328    637
  23    466    128
  24    308    133
  25    869    479
  26    386    965
  27    431    580
  28    338    824
  29    460    169
  30    870    325
  31     19    255
  32    247    351
  33    421    404
  34    452    229
  35    639    503
  36    389    476
  37    749    528
  38    579    185
  39    458    668
  40    541    353
  41    557    435
  42    592    334
  43    326    323
  44    970    225
  45    261    597
  46    832    567
  47    127    566
  48    218    290
  49    465    799
  50     57    280
  51    669    639
  52    591    515
  53    922    951
  54    372     96
  55    254     15
  56    853    234
  57    908    272
  58    492    451
  59    127    681
  60    132    131
  61    938    652
  62    171    358
  63    833    750
  64    885    233
  65    606    628
  66    813    361
  67    414    526
  68    499    322
  69    526    319
  70    841    874
  71    195    288
  72     92    129
  73    658    179
  74    396    768
  75    732    468
  76    404    232
  77    193    429
  78    467    308
  79    224     64
  80     15    599
  81    424     53
  82    254    379
  83    820    565
  84    141    778
  85    614    312
  86     55    359
  87    949    664
  88    726    706
  89    459    742
  90    890    525
  91    525    820
  92    217      6
  93    204    760
  94    106     35
  95    706    934
  96    181    748
  97    705    528
  98    818    836
  99    339    428
 100    403    952
 101    720    653
