   1    334     11
   2     19    468
   3     17    632
   4    958    640
   5    694    662
   6    550    752
   7    293    968
   8    835    382
   9     83    885
  10    122    448
  11     61     15
  12    135    435
  13    651    424
  14    990    293
  15    158    364
  16     58    310
  17    677    577
  18    844    246
  19    699    417
  20    136    348
  21    404     64
  22    963    314
  23    863     33
  24    348    453
  25    971    835
  26    773    933
  27     39    717
  28    574     23
  29    334    442
  30    623    771
  31    933    541
  32    504    346
  33    258    485
  34    788    978
  35    104    801
  36     34    629
  37    913    287
  38    675    128
  39    976    417
  40    860    628
  41     90    548
  42    669    387
  43    431    517
  44    806    331
  45    318    359
  46    457    721
  47    312    335
  48    314    774
  49    151    676
  50    639    735
  51     57    930
  52    593    343
  53    745    225
  54    263    651
  55    286     57
  56    216      3
  57    124    264
  58    313    212
  59    228    169
  60     32    484
  61    334    112
  62    338    369
  63    743    103
  64     36    569
  65    542    449
  66    864    324
  67    131    803
  68    411     87
  69    423    405
  70     74    219
  71    288    637
  72    299    834
  73     25    345
  74    382    943
  75    591    211
  76    738    581
  77    134    189
  78    871    733
  79    799    790
  80    932    657
  81    801    858
  82    577     66
  83    768    579
  84    704    289
  85    238    967
  86    829    285
  87    577    820
  88    745    752
  89    977    149
  90    498     10
  91    303    246
  92    637    884
  93    648      6
  94    746     64
  95     34    832
  96    383    133
  97    166    106
  98    390      3
  99     60    478
 100     88    273
 101    367    233
