   1    847    387
   2     74    142
   3      6    940
   4    730    769
   5    135    538
   6    666    465
   7    583    531
   8    829    241
   9    294    106
  10    931    977
  11    211    473
  12    325    177
  13    528    413
  14    346    243
  15    661    333
  16    591    156
  17    176    753
  18    440    977
  19    862    332
  20     25    114
  21    341    648
  22    570    186
  23    868    857
  24    281    252
  25    467    909
  26    795    320
  27    359    488
  28    181    691
  29    210    320
  30    702     28
  31     77    397
  32    743     21
  33    196     17
  34    894    397
  35    662    972
  36    959     41
  37    639     22
  38    182    891
  39    113    836
  40    996    837
  41    202     26
  42    541    633
  43    256    193
  44    412    155
  45    556    423
  46     82    465
  47    670     53
  48    154    300
  49      8    548
  50      3    977
  51    744    445
  52    256    630
  53    707    768
  54    778    726
  55    232    987
  56    278     55
  57    764    278
  58    946    611
  59    727    689
  60    866    896
  61      8    346
  62    393    684
  63    227    514
  64    784      9
  65    315    414
  66    112    386
  67    604      8
  68    558    146
  69    262    262
  70    687    644
  71    466    722
  72    288    660
  73    414    736
  74     71    985
  75    826    639
  76    515    999
  77    232    589
  78    865    358
  79    840    247
  80     71    560
  81    506    516
  82     39    588
  83    520    555
  84    766    103
  85    864    210
  86    540    741
  87    863    226
  88    380      9
  89    113    804
  90    819    869
  91    673    536
  92    938    755
  93    907    595
  94    346     15
  95    488      2
  96    380    158
  97    397    477
  98    104    724
  99    858     62
 100    279    404
 101    622    267
