   1    431    336
   2    409    333
   3    820    570
   4    604    414
   5    606    487
   6    526    409
   7    434    256
   8    236    610
   9    241    641
  10    160    943
  11     31    724
  12     96    286
  13    476    226
  14    119    903
  15    657    371
  16    552    341
  17    377    541
  18    125    900
  19    666    634
  20    158    595
  21    616    348
  22    842    540
  23    662    669
  24    361    893
  25    672    620
  26    569    255
  27    575    763
  28    653     90
  29    958    867
  30    208    919
  31    904    970
  32    256     11
  33    871    178
  34    567    894
  35    593    566
  36    248    347
  37    968    540
  38    373    775
  39    149    333
  40    633    386
  41    267    252
  42    695    738
  43    466    582
  44     85    366
  45    670    946
  46    333    772
  47     41    591
  48    346    269
  49    379    302
  50    166    887
  51    520     28
  52    260    286
  53    352    316
  54    560    836
  55    296     71
  56      4    592
  57    196    261
  58    586    132
  59    928    664
  60    665    601
  61    799    265
  62    727    705
  63     46    220
  64     86    681
  65    187     57
  66    215    312
  67     36    561
  68    381    675
  69     56    433
  70    151    334
  71    653    420
  72    701     69
  73    147     67
  74     44    335
  75    544    125
  76    182    697
  77    114    109
  78    672    208
  79    991    698
  80    904    677
  81    260    126
  82    685    961
  83    418    583
  84    891    127
  85    113    518
  86     87    593
  87    120    539
  88    418    101
  89    150    617
  90     33    838
  91    229    387
  92    776    510
  93    796     88
  94    626     74
  95    143    798
  96    783    928
  97    320    632
  98    247     59
  99    300    161
 100    650     46
 101    916    426
