   1    653    737
   2    295    412
   3    401     63
   4    439    221
   5    311    888
   6    712    151
   7    300    956
   8     27    785
   9    978    595
  10    855    989
  11    271     56
  12    401    474
  13    879    808
  14     89     23
  15    663    320
  16    604     94
  17    776    823
  18    879    669
  19    928    899
  20    981    620
  21    916     81
  22    813    735
  23    270    587
  24    255    372
  25     65    339
  26    203    674
  27    288    397
  28     24    558
  29    961    471
  30    533    731
  31    134    540
  32    239    690
  33    971    630
  34    337    565
  35    685    440
  36    529    605
  37    529    516
  38    785    596
  39    767      4
  40    450    321
  41    847    617
  42    490    931
  43    185     64
  44    855     85
  45    851    248
  46    332    363
  47    213    541
  48     90    310
  49    551    297
  50    949    674
  51    819    250
  52    921    744
  53    491    585
  54    184    356
  55    211    959
  56    703    876
  57    619    284
  58    399    771
  59    326    698
  60    600    661
  61     78     40
  62    615     11
  63    621    279
  64    683    785
  65     24    200
  66    411    411
  67    793    491
  68    617    970
  69    997    205
  70    532    414
  71    737    156
  72    484    190
  73    169    292
  74    747    202
  75    919    811
  76    626    766
  77    272    749
  78    263    408
  79    457    430
  80    126    521
  81    588    979
  82    824    797
  83    221    546
  84    391    429
  85    114    107
  86     24    124
  87    778    789
  88     34    312
  89    768    866
  90    747    213
  91    821    253
  92    658    503
  93    611    431
  94    586    996
  95    269     71
  96    578    568
  97     90    425
  98    390    613
  99    378    695
 100    156    857
 101    524    880
