   1    139    362
   2    241    738
   3    413    755
   4    667     91
   5    870     12
   6    596    437
   7      9    393
   8     32    925
   9    767    374
  10     46    460
  11    121    598
  12    211    732
  13      2    820
  14    733     73
  15    159    352
  16     71    249
  17    277    647
  18    283    939
  19    764    983
  20     92    854
  21    979    498
  22    206    863
  23    265    763
  24    321    573
  25    570    264
  26    182    288
  27    967    626
  28    417    890
  29     84    593
  30    455    474
  31    990    683
  32    999     16
  33     33     98
  34    231    145
  35    127    269
  36    604    194
  37    803    781
  38    278    833
  39    631    585
  40    314    111
  41    735    139
  42    618    685
  43    361    388
  44    249    260
  45    613    185
  46    707    618
  47    855    822
  48    250    784
  49    694    425
  50    585    432
  51    132    736
  52    258    458
  53    529     42
  54    669    281
  55    264     29
  56    641    824
  57    980    270
  58    766    371
  59    828    177
  60    765    249
  61    403    806
  62    560    695
  63    137    867
  64    935    345
  65    251    235
  66    163    349
  67    320    285
  68    470    911
  69    159    348
  70    919    989
  71    559     71
  72    495    364
  73    781    901
  74     58    160
  75    685    382
  76    849    348
  77    173    349
  78    268    783
  79    416    973
  80    988    618
  81    883    321
  82    362    275
  83    469    569
  84    329    615
  85    488    864
  86    313    667
  87    492    383
  88    399     55
  89    632    211
  90    426    354
  91    451    962
  92    357    632
  93    352    842
  94    986     45
  95    815    900
  96    581    543
  97    859     54
  98    675    892
  99    579    111
 100    964    725
 101    269    846
