   1    750     62
   2    684    277
   3    203      1
   4     84    995
   5    223    713
   6    689    808
   7    441    243
   8    428     13
   9    136    351
  10    893    483
  11    241    764
  12    363    326
  13    704    610
  14    218    633
  15    162    327
  16     98    125
  17    476    788
  18    160    323
  19    895    115
  20      3    867
  21    129    365
  22    692    960
  23     69    222
  24    268    812
  25    766    124
  26    999    997
  27    824    443
  28    102    625
  29    586    896
  30    117    880
  31    106    969
  32    991    355
  33    584    324
  34    116    481
  35    174    206
  36    744    323
  37    584    769
  38    484    243
  39    940    920
  40    223     79
  41     24    321
  42    515    282
  43    221    129
  44    133    120
  45    204    835
  46    207    414
  47    941    797
  48    122    805
  49    780    922
  50    476    826
  51    281    347
  52    589    687
  53     99    677
  54    481    541
  55    222    973
  56    491    466
  57    691    281
  58    672    691
  59     27    194
  60    233    778
  61    543    193
  62      4    347
  63    924    396
  64    734    897
  65    670    807
  66    761    398
  67    698    250
  68    588    558
  69    630    233
  70    609    529
  71    102    939
  72    886    425
  73    292     14
  74    409    593
  75    873    725
  76     71    882
  77    252    669
  78     64    883
  79    649    339
  80     99    540
  81     47    247
  82    932    692
  83    871    551
  84    579    266
  85    989    658
  86    282    433
  87    321    507
  88    707    660
  89    940    335
  90    283     41
  91    747    395
  92    798    129
  93    759    513
  94    466      5
  95    378     36
  96    979    363
  97    244    951
  98    247    668
  99    618    378
 100    717    631
 101     73     73
