   1    237    686
   2    630    603
   3    215    694
   4    313    865
   5    782    837
   6    573     95
   7    151    681
   8    433    154
   9    925    129
  10     84    954
  11     91    307
  12    173    583
  13    827    622
  14    862    683
  15    659    358
  16    565    279
  17    977    612
  18    564    592
  19    732    200
  20    114    101
  21    191    781
  22     85     89
  23     64    398
  24    334     13
  25    270     50
  26    977    610
  27    503    672
  28    496    957
  29    709     18
  30     39    622
  31    962    112
  32    751    681
  33    646    791
  34     10     62
  35    616     35
  36    819    911
  37    858     34
  38    976    480
  39    803    501
  40     87    869
  41    912    843
  42    643     36
  43    396    452
  44    527    296
  45    966    772
  46    582    670
  47    584     78
  48    282    279
  49    922     50
  50    112    584
  51    594    833
  52    925    401
  53    137    134
  54    966    466
  55    275     43
  56    429    413
  57     52    267
  58     39    291
  59    528    673
  60    398    366
  61    869    959
  62    949     32
  63    440    985
  64    985    457
  65    896    842
  66    514    336
  67    225     44
  68    440    499
  69    791    376
  70    996    104
  71    924    854
  72    897    599
  73    903    623
  74    720    551
  75    638    296
  76    293    465
  77    154    269
  78     69    258
  79    607    881
  80    960    638
  81    342    589
  82    470    170
  83    119    574
  84    516    452
  85    363    415
  86    571    976
  87     34    102
  88     72    403
  89    805    680
  90    962    182
  91    377    104
  92    497    258
  93    500    924
  94    866     55
  95    925    866
  96    982    338
  97     13    580
  98    533    947
  99    820    794
 100    526    499
 101    818     40
