   1    945    712
   2    463      8
   3    808    878
   4    376    543
   5     47    363
   6    642    123
   7    725    818
   8    230    469
   9    451    862
  10    970    472
  11    181    181
  12    287     29
  13    353    215
  14    475    853
  15    161    339
  16     85    187
  17    876    718
  18    721    631
  19    830    549
  20     47    360
  21    554    931
  22    449    412
  23    667    492
  24    295    693
  25    168    694
  26    590    642
  27    895    534
  28    260    757
  29    835    745
  30    286    177
  31     48    826
  32    495    686
  33    809    711
  34    673    313
  35    150    737
  36    174    758
  37    694    275
  38    881    538
  39    285    752
  40    769    595
  41    379    730
  42    566    983
  43    291    258
  44    691    190
  45    908     10
  46    957    516
  47    398    310
  48    186    795
  49    237    173
  50    530    129
  51    207    542
  52    923    572
  53    314    860
  54     75    911
  55    243      1
  56     66    645
  57    836    275
  58    219    531
  59    427    185
  60    499     13
  61    473    499
  62    782     21
  63    530    632
  64    834    121
  65    960     21
  66    462    374
  67    509    767
  68    529    734
  69    894    291
  70    764    759
  71    831    505
  72    690    895
  73    536    457
  74    733    377
  75    779    554
  76    960    115
  77    213    509
  78    666    833
  79     32    156
  80     43    579
  81    965    784
  82    147    483
  83    170    560
  84    954    941
  85    739    761
  86    797     50
  87    406    945
  88     53    358
  89    286    273
  90    355    697
  91    599    678
  92     77    380
  93     56    678
  94    226     25
  95    597    968
  96    780    953
  97    551      3
  98    961    780
  99     99    745
 100    841    178
 101    171    460
 102     22     81
 103    954    281
 104     37    832
 105    453    988
 106    606      7
 107    558     74
 108    799     11
 109    233    144
 110    522    389
 111    461    208
 112     99    560
 113    590    337
 114     28    325
 115    991    772
 116    320    454
 117    820    366
 118     91    592
 119    119      3
 120    581     44
 121    445     82
 122    503    207
 123    507    571
 124    853    990
 125    412    623
 126    751    774
 127    754     69
 128    858    717
 129    640    655
 130    990    361
 131    161     34
 132    250    408
 133    543    523
 134    503    351
 135    567    227
 136    157    242
 137    731    898
 138    638    687
 139    454     30
 140    702    873
 141    697    372
 142    335    629
 143    610    285
 144    203    411
 145    822    567
 146     88    768
 147    435    354
 148    886    202
 149    351    604
 150    569    820
 151    117    823
