   1    113     49
   2     61    847
   3    708    114
   4    304    861
   5    210    709
   6    640    661
   7    252    257
   8    567    170
   9    456    546
  10    492    214
  11     60     79
  12    767    532
  13    407     76
  14    143    525
  15    520     45
  16    110    159
  17    260    789
  18    129      9
  19    184     59
  20    999    987
  21     74    607
  22    417    892
  23    583     36
  24    320    499
  25    177     79
  26    501    936
  27    375     25
  28    560    953
  29    788    272
  30    718    698
  31    930    244
  32    861    223
  33    634     32
  34    243    359
  35    673    530
  36    850    956
  37    368    412
  38    712    123
  39    704    741
  40    971    453
  41    287    871
  42    807    821
  43    115    866
  44    298     37
  45    154     97
  46    765    824
  47    386    468
  48    137    118
  49    239      4
  50    180    460
  51    332    579
  52    527    723
  53    791    630
  54    129    554
  55    910    694
  56    655    751
  57    117    621
  58    932    105
  59    858    393
  60     86    516
  61    793    239
  62    178    213
  63    198    271
  64    428    644
  65    620     81
  66    993    149
  67    830    277
  68    798    536
  69    753    186
  70    888      9
  71      8    905
  72    951    638
  73    303    526
  74    646    172
  75    270    866
  76    689    594
  77    383     99
  78    466    183
  79    748    250
  80    925    255
  81    876    943
  82    665    900
  83    686    750
  84    800    478
  85    317    405
  86    459    685
  87    122    219
  88    827    199
  89    855     79
  90    747     14
  91    522    178
  92    719    365
  93    204     50
  94    483    930
  95    590     48
  96    736    274
  97    868    482
  98    550    322
  99    782    731
 100    811    104
 101    671    566
 102    425    255
 103    343    510
 104    874     18
 105    894    415
 106    699    817
 107    659    877
 108    519    602
 109     74    183
 110    349    364
 111    967     68
 112    667    212
 113    734    892
 114    260    866
 115    876    316
 116    324    836
 117    185    331
 118    315    704
 119    518    842
 120    845    602
 121    976    300
 122    580    226
 123     80    667
 124    607    656
 125    748    658
 126     61    915
 127    855    494
 128    780    835
 129    381     93
 130    940    638
 131    992     32
 132    172    291
 133    438    398
 134    237    433
 135    796    851
 136    994    417
 137    434    691
 138    302     52
 139    213    172
 140    432    898
 141    511    166
 142    926    237
 143    324    292
 144    663    893
 145    893    916
 146    467     85
 147     45    994
 148    607    558
 149    865    889
 150    924     28
 151    454    434
