   1    750     62
   2    684    277
   3    203      1
   4     84    995
   5    223    713
   6    689    808
   7    441    243
   8    428     13
   9    136    351
  10    893    483
  11    241    764
  12    363    326
  13    704    610
  14    218    633
  15    162    327
  16     98    125
  17    476    788
  18    160    323
  19    895    115
  20      3    867
  21    129    365
  22    692    960
  23     69    222
  24    268    812
  25    766    124
  26    999    997
  27    824    443
  28    102    625
  29    586    896
  30    117    880
  31    106    969
  32    991    355
  33    584    324
  34    116    481
  35    174    206
  36    744    323
  37    584    769
  38    484    243
  39    940    920
  40    223     79
  41     24    321
  42    515    282
  43    221    129
  44    133    120
  45    204    835
  46    207    414
  47    941    797
  48    122    805
  49    780    922
  50    476    826
  51    281    347
  52    589    687
  53     99    677
  54    481    541
  55    222    973
  56    491    466
  57    691    281
  58    672    691
  59     27    194
  60    233    778
  61    543    193
  62      4    347
  63    924    396
  64    734    897
  65    670    807
  66    761    398
  67    698    250
  68    588    558
  69    630    233
  70    609    529
  71    102    939
  72    886    425
  73    292     14
  74    409    593
  75    873    725
  76     71    882
  77    252    669
  78     64    883
  79    649    339
  80     99    540
  81     47    247
  82    932    692
  83    871    551
  84    579    266
  85    989    658
  86    282    433
  87    321    507
  88    707    660
  89    940    335
  90    283     41
  91    747    395
  92    798    129
  93    759    513
  94    466      5
  95    378     36
  96    979    363
  97    244    951
  98    247    668
  99    618    378
 100    717    631
 101     73     73
 102    310    831
 103    977    676
 104     84    123
 105    909    550
 106    416    643
 107    960     62
 108    561    683
 109      3    980
 110    445    202
 111    932    200
 112    548    358
 113    585    208
 114    122    489
 115    529     31
 116    576    817
 117    426    732
 118    625    104
 119    434    736
 120    567     76
 121    510    485
 122    560    176
 123    104    779
 124    814    885
 125    365     38
 126    545    129
 127    848    686
 128     54    255
 129    647    577
 130    206    873
 131    241    348
 132    555    833
 133     40    930
 134     82    784
 135    957    782
 136    868    118
 137    614    406
 138    656    803
 139    351    862
 140    303    329
 141    561    545
 142    283    656
 143    789    227
 144    262    593
 145    692    694
 146     21    650
 147    778    785
 148    207    391
 149    871    153
 150    519    301
 151    427    952
 152    582     35
 153    477      0
 154    846    192
 155    896    827
 156    992     53
 157    884    511
 158    851    591
 159    569    769
 160    625    648
 161     59    928
 162    264    656
 163    354    916
 164    536    579
 165    928    655
 166    957    158
 167    965    476
 168    337    507
 169    660    771
 170    804    198
 171    657    493
 172    967     43
 173    635     93
 174    386    121
 175    431    290
 176    855    291
 177    225    863
 178    343    269
 179    986    105
 180    698    970
 181    340     74
 182    387    697
 183    169    499
 184     85    841
 185    876    758
 186    205    448
 187    338    335
 188    792    767
 189    703    400
 190    312     85
 191    930    430
 192    880    958
 193    315    882
 194    771    268
 195    307    837
 196    421    819
 197    895     46
 198    993    209
 199    155    632
 200    250    868
 201    389    985
