   1    139    362
   2    241    738
   3    413    755
   4    667     91
   5    870     12
   6    596    437
   7      9    393
   8     32    925
   9    767    374
  10     46    460
  11    121    598
  12    211    732
  13      2    820
  14    733     73
  15    159    352
  16     71    249
  17    277    647
  18    283    939
  19    764    983
  20     92    854
  21    979    498
  22    206    863
  23    265    763
  24    321    573
  25    570    264
  26    182    288
  27    967    626
  28    417    890
  29     84    593
  30    455    474
  31    990    683
  32    999     16
  33     33     98
  34    231    145
  35    127    269
  36    604    194
  37    803    781
  38    278    833
  39    631    585
  40    314    111
  41    735    139
  42    618    685
  43    361    388
  44    249    260
  45    613    185
  46    707    618
  47    855    822
  48    250    784
  49    694    425
  50    585    432
  51    132    736
  52    258    458
  53    529     42
  54    669    281
  55    264     29
  56    641    824
  57    980    270
  58    766    371
  59    828    177
  60    765    249
  61    403    806
  62    560    695
  63    137    867
  64    935    345
  65    251    235
  66    163    349
  67    320    285
  68    470    911
  69    159    348
  70    919    989
  71    559     71
  72    495    364
  73    781    901
  74     58    160
  75    685    382
  76    849    348
  77    173    349
  78    268    783
  79    416    973
  80    988    618
  81    883    321
  82    362    275
  83    469    569
  84    329    615
  85    488    864
  86    313    667
  87    492    383
  88    399     55
  89    632    211
  90    426    354
  91    451    962
  92    357    632
  93    352    842
  94    986     45
  95    815    900
  96    581    543
  97    859     54
  98    675    892
  99    579    111
 100    964    725
 101    269    846
 102    733    331
 103    931    886
 104    991    541
 105    997    426
 106    796    370
 107    157     87
 108     36    339
 109    462    307
 110    599    577
 111    989    217
 112    650    763
 113    594    466
 114    934    160
 115    452    512
 116     64     90
 117    214    999
 118    557     80
 119    804    269
 120    595     12
 121    379    679
 122    446    238
 123    910    364
 124    893     96
 125    460    209
 126    957    419
 127    659    451
 128    661    178
 129    632    733
 130    773    850
 131     81    721
 132    945    984
 133     46    117
 134    924    919
 135    177    672
 136    446    366
 137    847    390
 138    619    570
 139    557    198
 140    101    416
 141    834    200
 142    387    601
 143    430    342
 144    145    229
 145    953    440
 146    155    885
 147     92    923
 148    565     13
 149    831     55
 150    618    339
 151    806    694
 152    994     43
 153    374    757
 154     31     57
 155     21    319
 156     33    403
 157    780    333
 158    694    196
 159    629     22
 160    419     32
 161    286    868
 162    300    837
 163    865    752
 164    371    803
 165     15    861
 166    539    499
 167    177    782
 168    382    430
 169    419     53
 170    907    234
 171    713    123
 172    810    920
 173    154    286
 174    585    254
 175     57    813
 176    642     27
 177     40    756
 178    800    306
 179    516    212
 180    660    944
 181    338    977
 182    150    786
 183    605    910
 184    593    860
 185    178    407
 186    610    374
 187    964    605
 188    390    258
 189    828    543
 190     37    558
 191    235    159
 192    142     70
 193    523    561
 194    349    391
 195    177    472
 196    837    559
 197    874    499
 198    623    339
 199    158    204
 200    529    895
 201    458     41
