   1    237    686
   2    630    603
   3    215    694
   4    313    865
   5    782    837
   6    573     95
   7    151    681
   8    433    154
   9    925    129
  10     84    954
  11     91    307
  12    173    583
  13    827    622
  14    862    683
  15    659    358
  16    565    279
  17    977    612
  18    564    592
  19    732    200
  20    114    101
  21    191    781
  22     85     89
  23     64    398
  24    334     13
  25    270     50
  26    977    610
  27    503    672
  28    496    957
  29    709     18
  30     39    622
  31    962    112
  32    751    681
  33    646    791
  34     10     62
  35    616     35
  36    819    911
  37    858     34
  38    976    480
  39    803    501
  40     87    869
  41    912    843
  42    643     36
  43    396    452
  44    527    296
  45    966    772
  46    582    670
  47    584     78
  48    282    279
  49    922     50
  50    112    584
  51    594    833
  52    925    401
  53    137    134
  54    966    466
  55    275     43
  56    429    413
  57     52    267
  58     39    291
  59    528    673
  60    398    366
  61    869    959
  62    949     32
  63    440    985
  64    985    457
  65    896    842
  66    514    336
  67    225     44
  68    440    499
  69    791    376
  70    996    104
  71    924    854
  72    897    599
  73    903    623
  74    720    551
  75    638    296
  76    293    465
  77    154    269
  78     69    258
  79    607    881
  80    960    638
  81    342    589
  82    470    170
  83    119    574
  84    516    452
  85    363    415
  86    571    976
  87     34    102
  88     72    403
  89    805    680
  90    962    182
  91    377    104
  92    497    258
  93    500    924
  94    866     55
  95    925    866
  96    982    338
  97     13    580
  98    533    947
  99    820    794
 100    526    499
 101    818     40
 102    589    456
 103    919    189
 104    967    895
 105    769    145
 106    391    552
 107    956     94
 108    655      3
 109    576    889
 110    637    171
 111    754    721
 112    926    864
 113    597    531
 114    386    578
 115    182    883
 116    436    909
 117    910    816
 118    790    824
 119    147    403
 120    602    496
 121    347    977
 122    417    753
 123    111    260
 124    412    148
 125    983      1
 126    560    241
 127    612    643
 128     63    909
 129    129    772
 130    665     94
 131     41    564
 132    293    272
 133    798    414
 134    135    202
 135    982    394
 136    591    428
 137    905    636
 138    610    512
 139    109    282
 140    800    687
 141    402    613
 142    913     88
 143    841    871
 144    616    638
 145     18    376
 146    689    944
 147    420    207
 148    905    919
 149     71    781
 150    143    599
 151    151    130
 152    347    295
 153    599    947
 154    328    524
 155    802    192
 156    293    491
 157    754    288
 158    405     97
 159    143     85
 160    367    878
 161    342    353
 162     59    383
 163    243    460
 164     80    609
 165     36    663
 166    184    585
 167    480    608
 168    394    911
 169    859    624
 170    682    743
 171    727    530
 172    270    139
 173     33    335
 174    885     37
 175    964    444
 176    838    461
 177    744    479
 178    414    566
 179    649    738
 180    901    688
 181     87    703
 182    841     58
 183    464    762
 184    220    615
 185    254     69
 186    212    105
 187    121    922
 188     40    881
 189    609    579
 190    968    676
 191    811    341
 192    708    348
 193    575    480
 194    744    422
 195    144    631
 196    690    244
 197    369    613
 198    531    621
 199    409    347
 200     99    152
 201    726    305
 202     69    287
 203    633    496
 204    752    395
 205    904    933
 206    822    227
 207    594    269
 208    997    843
 209    333    227
 210    526    842
 211    353    872
 212    516    101
 213    343    907
 214     36    834
 215    289    543
 216    128    213
 217    675     35
 218    854    584
 219    747    438
 220    351    732
 221    146    516
 222    895    301
 223    277    818
 224    728    267
 225    269    624
 226    584    575
 227     57    555
 228     24    512
 229    629     34
 230    432     49
 231    749    314
 232     44    172
 233    786    306
 234    331    292
 235    992    178
 236    115     65
 237    958    902
 238    258    778
 239    814    960
 240     77    831
 241    277      2
 242    401    240
 243    794    813
 244    169    503
 245    248    548
 246    252    455
 247    446    172
 248    616     80
 249    557    993
 250     43    499
 251      4    767
 252    190    438
 253    347    581
 254    173    817
 255    761    210
 256    343    126
 257    785    884
 258    796    294
 259    867    871
 260    555    705
 261    748    338
 262    249    492
 263    174    347
 264    875    520
 265    554    676
 266    604    997
 267    199    866
 268    487    150
 269    216    517
 270    444    500
 271    945    297
 272    947    542
 273    799    913
 274    206    953
 275    997    268
 276    205     37
 277    438    367
 278    894      6
 279    568    323
 280    950    197
 281    364    656
 282    373    261
 283    264     46
 284    179    243
 285     84    882
 286     88    913
 287    873    286
 288    500    711
 289    899    881
 290    597    167
 291    779    551
 292    569    357
 293    311    947
 294    624    938
 295    601    441
 296    970    973
 297    432    561
 298    412     31
 299    423    660
 300     42     88
 301     14    324
