   1    653    737
   2    295    412
   3    401     63
   4    439    221
   5    311    888
   6    712    151
   7    300    956
   8     27    785
   9    978    595
  10    855    989
  11    271     56
  12    401    474
  13    879    808
  14     89     23
  15    663    320
  16    604     94
  17    776    823
  18    879    669
  19    928    899
  20    981    620
  21    916     81
  22    813    735
  23    270    587
  24    255    372
  25     65    339
  26    203    674
  27    288    397
  28     24    558
  29    961    471
  30    533    731
  31    134    540
  32    239    690
  33    971    630
  34    337    565
  35    685    440
  36    529    605
  37    529    516
  38    785    596
  39    767      4
  40    450    321
  41    847    617
  42    490    931
  43    185     64
  44    855     85
  45    851    248
  46    332    363
  47    213    541
  48     90    310
  49    551    297
  50    949    674
  51    819    250
  52    921    744
  53    491    585
  54    184    356
  55    211    959
  56    703    876
  57    619    284
  58    399    771
  59    326    698
  60    600    661
  61     78     40
  62    615     11
  63    621    279
  64    683    785
  65     24    200
  66    411    411
  67    793    491
  68    617    970
  69    997    205
  70    532    414
  71    737    156
  72    484    190
  73    169    292
  74    747    202
  75    919    811
  76    626    766
  77    272    749
  78    263    408
  79    457    430
  80    126    521
  81    588    979
  82    824    797
  83    221    546
  84    391    429
  85    114    107
  86     24    124
  87    778    789
  88     34    312
  89    768    866
  90    747    213
  91    821    253
  92    658    503
  93    611    431
  94    586    996
  95    269     71
  96    578    568
  97     90    425
  98    390    613
  99    378    695
 100    156    857
 101    524    880
 102    454    706
 103    989    373
 104    107    768
 105    137    831
 106    821    461
 107    161     55
 108    942     19
 109    889    399
 110    407    608
 111    168    696
 112    273    257
 113    583    143
 114    670     71
 115    799    661
 116    204    999
 117    729    916
 118    391    360
 119     91    602
 120    561    592
 121    542    187
 122    589    660
 123    902    882
 124    295    832
 125    842    246
 126    942    306
 127    896    494
 128    653    524
 129    150    538
 130    314    629
 131    281    505
 132    207    545
 133    288    633
 134    872    500
 135    152     59
 136    724     56
 137    556    160
 138    665    861
 139    799    778
 140    604     58
 141    992    131
 142    756    170
 143    379    699
 144    791    184
 145    627    758
 146    488    591
 147    450    501
 148    867    486
 149    630    428
 150    995     41
 151     83    516
 152    228    783
 153    253    811
 154    549    726
 155    115    954
 156    732    966
 157    911    556
 158    140    689
 159     55    706
 160    677    802
 161      2    443
 162    505    111
 163    976    207
 164    827    772
 165    907    854
 166    311     73
 167    663    649
 168    325     26
 169    220    200
 170     29    689
 171    643     85
 172    507    824
 173    755     44
 174     86    338
 175    524    659
 176    659    858
 177    521    140
 178    729      9
 179    853    578
 180    458    226
 181    590    349
 182    696    425
 183    310    647
 184    459     86
 185    800     96
 186    603    716
 187    181     17
 188    143    144
 189    922    364
 190    381    966
 191    354    248
 192    314    680
 193    263    962
 194    376    237
 195    339    678
 196    567    134
 197    400    932
 198     86    927
 199    904    489
 200    681    611
 201    122    722
 202    956    557
 203    305    410
 204    543    840
 205    876    767
 206    632    616
 207    239    779
 208    659    456
 209    948    764
 210    339    382
 211    742    969
 212    405    188
 213    974    881
 214    759    623
 215    712    732
 216    601     81
 217    487    614
 218    333    737
 219      9    535
 220     21    807
 221     13    612
 222    897    956
 223    935    597
 224    729    211
 225    958    204
 226    167    280
 227    776    948
 228     10     40
 229    234    342
 230    223    567
 231    401      7
 232    819     69
 233    753     20
 234    718    282
 235    843     61
 236    727    737
 237    805    135
 238    215    461
 239    192    456
 240    178    933
 241    646    417
 242    399    144
 243    331    593
 244    261    418
 245    861    313
 246     19    726
 247    691    959
 248     80    276
 249    806    762
 250    741    473
 251    404    272
 252     32     24
 253    557    750
 254    881    632
 255    617    416
 256    778    816
 257    480    910
 258    548    674
 259    316    859
 260    988    476
 261    213    956
 262    540    369
 263    656    454
 264    704    780
 265    577    465
 266    580    560
 267    839    762
 268    155    830
 269    936    489
 270    595    656
 271    276    402
 272    429    385
 273     99     62
 274    186    321
 275    303    625
 276    572     25
 277    184    276
 278    893    844
 279    432    270
 280    869    726
 281    813    392
 282     36    961
 283    139    376
 284    386     95
 285    810    485
 286    488    994
 287    556    362
 288    903    187
 289    771    263
 290    476    812
 291     22    433
 292    911    850
 293    651    188
 294    523    878
 295    622    778
 296    444    840
 297    678    109
 298    168    282
 299    845     67
 300    481    912
 301    291    922
