   1    847    387
   2     74    142
   3      6    940
   4    730    769
   5    135    538
   6    666    465
   7    583    531
   8    829    241
   9    294    106
  10    931    977
  11    211    473
  12    325    177
  13    528    413
  14    346    243
  15    661    333
  16    591    156
  17    176    753
  18    440    977
  19    862    332
  20     25    114
  21    341    648
  22    570    186
  23    868    857
  24    281    252
  25    467    909
  26    795    320
  27    359    488
  28    181    691
  29    210    320
  30    702     28
  31     77    397
  32    743     21
  33    196     17
  34    894    397
  35    662    972
  36    959     41
  37    639     22
  38    182    891
  39    113    836
  40    996    837
  41    202     26
  42    541    633
  43    256    193
  44    412    155
  45    556    423
  46     82    465
  47    670     53
  48    154    300
  49      8    548
  50      3    977
  51    744    445
  52    256    630
  53    707    768
  54    778    726
  55    232    987
  56    278     55
  57    764    278
  58    946    611
  59    727    689
  60    866    896
  61      8    346
  62    393    684
  63    227    514
  64    784      9
  65    315    414
  66    112    386
  67    604      8
  68    558    146
  69    262    262
  70    687    644
  71    466    722
  72    288    660
  73    414    736
  74     71    985
  75    826    639
  76    515    999
  77    232    589
  78    865    358
  79    840    247
  80     71    560
  81    506    516
  82     39    588
  83    520    555
  84    766    103
  85    864    210
  86    540    741
  87    863    226
  88    380      9
  89    113    804
  90    819    869
  91    673    536
  92    938    755
  93    907    595
  94    346     15
  95    488      2
  96    380    158
  97    397    477
  98    104    724
  99    858     62
 100    279    404
 101    622    267
 102    166    956
 103    966    978
 104     61    477
 105    681    269
 106     11    825
 107    759     68
 108    180    347
 109    118    562
 110    483    796
 111    696    704
 112    824    459
 113    587    272
 114    575    907
 115    260    401
 116    948    636
 117    123    549
 118    858    848
 119    777    869
 120    574    560
 121    477    784
 122    531    691
 123    305    675
 124    334    938
 125    889    831
 126    148    951
 127    801    877
 128    456    986
 129    143    616
 130     98    117
 131    201    191
 132    902    120
 133    792    227
 134    293     67
 135    762    504
 136     13    180
 137    673    652
 138    647    745
 139    902    946
 140      3    601
 141    129    959
 142    809    142
 143    200    756
 144    733      2
 145    757    631
 146    555    709
 147    106     70
 148    546    297
 149    111    879
 150     44    560
 151    772    387
 152    935    287
 153    702    189
 154    142    658
 155    677    700
 156    252    141
 157    858    467
 158    562    492
 159     84    832
 160    574    494
 161    115    413
 162     23    202
 163    732    625
 164    245    385
 165    950    457
 166    602    244
 167    268    302
 168    348    988
 169    100    342
 170    580    707
 171    671    900
 172    428    262
 173    515    141
 174    685    904
 175    337    921
 176     52    725
 177    929    587
 178    957    528
 179    118    632
 180    939    713
 181     89    800
 182     78    969
 183     28    352
 184    712    595
 185    951    420
 186    806    179
 187    494    652
 188    442    390
 189    484    436
 190    244    203
 191    506    612
 192    446    236
 193    367    802
 194    165    298
 195    274    996
 196    275    504
 197    390    159
 198    901    492
 199    405    775
 200    820    125
 201    656    249
 202    660    134
 203    414    439
 204    279    692
 205    219    155
 206    362    820
 207    357    942
 208    438    585
 209    410    918
 210     68    536
 211    946    937
 212    775    826
 213    764    556
 214    518    360
 215    238      2
 216    110    792
 217    216     88
 218    840    686
 219    255    503
 220    797    782
 221    391    247
 222    230    738
 223     49    337
 224    728    563
 225    395    344
 226    973     45
 227    537    817
 228     14    864
 229     33    572
 230    293    728
 231    184    776
 232    894    436
 233    764    115
 234    589    619
 235    893    100
 236    856    846
 237    523    724
 238    562    900
 239    400    957
 240    811    899
 241    523    945
 242     66    509
 243    818    333
 244    897    779
 245    323    725
 246     96    636
 247    609    697
 248    925    544
 249    723    506
 250    175    149
 251    937    770
 252    751    495
 253    820     27
 254    978     27
 255    998    681
 256    966    253
 257    249    568
 258    631    547
 259    166    197
 260    510    219
 261    391     83
 262    443    744
 263    162     85
 264     94     27
 265    903    535
 266    921    372
 267    959    130
 268    932    270
 269    696    498
 270    878    271
 271    166    700
 272    269    104
 273    333     13
 274    192    865
 275    534    840
 276    450    696
 277    602    640
 278    227    565
 279    811    621
 280    563    550
 281    330    480
 282    148    727
 283    514    266
 284    984    144
 285    235    618
 286    354    301
 287    662    670
 288    769    695
 289    480    803
 290    517    597
 291    274    473
 292    464    353
 293    204    441
 294    223    231
 295    615    666
 296    286    551
 297    263    260
 298    916    865
 299     38    598
 300    335    637
 301    532    389
