   1    750     62
   2    684    277
   3    203      1
   4     84    995
   5    223    713
   6    689    808
   7    441    243
   8    428     13
   9    136    351
  10    893    483
  11    241    764
  12    363    326
  13    704    610
  14    218    633
  15    162    327
  16     98    125
  17    476    788
  18    160    323
  19    895    115
  20      3    867
  21    129    365
  22    692    960
  23     69    222
  24    268    812
  25    766    124
  26    999    997
  27    824    443
  28    102    625
  29    586    896
  30    117    880
  31    106    969
  32    991    355
  33    584    324
  34    116    481
  35    174    206
  36    744    323
  37    584    769
  38    484    243
  39    940    920
  40    223     79
  41     24    321
  42    515    282
  43    221    129
  44    133    120
  45    204    835
  46    207    414
  47    941    797
  48    122    805
  49    780    922
  50    476    826
  51    281    347
  52    589    687
  53     99    677
  54    481    541
  55    222    973
  56    491    466
  57    691    281
  58    672    691
  59     27    194
  60    233    778
  61    543    193
  62      4    347
  63    924    396
  64    734    897
  65    670    807
  66    761    398
  67    698    250
  68    588    558
  69    630    233
  70    609    529
  71    102    939
  72    886    425
  73    292     14
  74    409    593
  75    873    725
  76     71    882
  77    252    669
  78     64    883
  79    649    339
  80     99    540
  81     47    247
  82    932    692
  83    871    551
  84    579    266
  85    989    658
  86    282    433
  87    321    507
  88    707    660
  89    940    335
  90    283     41
  91    747    395
  92    798    129
  93    759    513
  94    466      5
  95    378     36
  96    979    363
  97    244    951
  98    247    668
  99    618    378
 100    717    631
 101     73     73
 102    310    831
 103    977    676
 104     84    123
 105    909    550
 106    416    643
 107    960     62
 108    561    683
 109      3    980
 110    445    202
 111    932    200
 112    548    358
 113    585    208
 114    122    489
 115    529     31
 116    576    817
 117    426    732
 118    625    104
 119    434    736
 120    567     76
 121    510    485
 122    560    176
 123    104    779
 124    814    885
 125    365     38
 126    545    129
 127    848    686
 128     54    255
 129    647    577
 130    206    873
 131    241    348
 132    555    833
 133     40    930
 134     82    784
 135    957    782
 136    868    118
 137    614    406
 138    656    803
 139    351    862
 140    303    329
 141    561    545
 142    283    656
 143    789    227
 144    262    593
 145    692    694
 146     21    650
 147    778    785
 148    207    391
 149    871    153
 150    519    301
 151    427    952
 152    582     35
 153    477      0
 154    846    192
 155    896    827
 156    992     53
 157    884    511
 158    851    591
 159    569    769
 160    625    648
 161     59    928
 162    264    656
 163    354    916
 164    536    579
 165    928    655
 166    957    158
 167    965    476
 168    337    507
 169    660    771
 170    804    198
 171    657    493
 172    967     43
 173    635     93
 174    386    121
 175    431    290
 176    855    291
 177    225    863
 178    343    269
 179    986    105
 180    698    970
 181    340     74
 182    387    697
 183    169    499
 184     85    841
 185    876    758
 186    205    448
 187    338    335
 188    792    767
 189    703    400
 190    312     85
 191    930    430
 192    880    958
 193    315    882
 194    771    268
 195    307    837
 196    421    819
 197    895     46
 198    993    209
 199    155    632
 200    250    868
 201    389    985
 202    808    346
 203    360    425
 204    411    266
 205    548    461
 206    497    718
 207    798    861
 208    548    520
 209    179    341
 210    704    959
 211    344    453
 212    590      7
 213    369    219
 214    639    991
 215    975    367
 216    355    436
 217    852    851
 218    587    212
 219    632     19
 220    409    795
 221    702    429
 222    563    347
 223    492    967
 224    228    887
 225    676    774
 226    570    163
 227    657    882
 228    512    952
 229    133    957
 230    758    148
 231    792    392
 232    857    752
 233    758     68
 234    154    450
 235    368    580
 236    291    291
 237    664    929
 238    388    181
 239    796    707
 240    495    416
 241     85    681
 242    233    827
 243    574    963
 244    579     99
 245     92    519
 246     57    181
 247    650    828
 248    503    410
 249    765    634
 250    958    311
 251    171    521
 252    392    260
 253    689    888
 254    930    829
 255    308    549
 256    372     34
 257    865    239
 258     90    611
 259    741     28
 260    249    347
 261    302    519
 262    491     56
 263    409    770
 264    899    404
 265    240    500
 266    251    966
 267    399    946
 268     44     50
 269    816    993
 270    737    963
 271    221    551
 272    849    744
 273    216    538
 274    689    593
 275    419    732
 276    511    361
 277    393    458
 278     60    204
 279    122    446
 280    216    638
 281     72    936
 282     92    344
 283    327    821
 284    185    120
 285     22    552
 286    921    147
 287    609    516
 288    836    941
 289    126     33
 290    996    204
 291    648    453
 292    187    601
 293    428    315
 294    873     55
 295    618    222
 296    865    696
 297    970    185
 298     42     73
 299    942    332
 300    908    274
 301    411    656
