   1     42     37
   2    852    873
   3    610    817
   4     21    317
   5    958    188
   6    619    780
   7    867    106
   8    631    697
   9    609    618
  10      8    966
  11    151    890
  12    249    880
  13    177     17
  14    604    463
  15    660    346
  16    578    218
  17    576    682
  18      2    285
  19    797    766
  20     69    607
  21    766    214
  22    328    637
  23    466    128
  24    308    133
  25    869    479
  26    386    965
  27    431    580
  28    338    824
  29    460    169
  30    870    325
  31     19    255
  32    247    351
  33    421    404
  34    452    229
  35    639    503
  36    389    476
  37    749    528
  38    579    185
  39    458    668
  40    541    353
  41    557    435
  42    592    334
  43    326    323
  44    970    225
  45    261    597
  46    832    567
  47    127    566
  48    218    290
  49    465    799
  50     57    280
  51    669    639
  52    591    515
  53    922    951
  54    372     96
  55    254     15
  56    853    234
  57    908    272
  58    492    451
  59    127    681
  60    132    131
  61    938    652
  62    171    358
  63    833    750
  64    885    233
  65    606    628
  66    813    361
  67    414    526
  68    499    322
  69    526    319
  70    841    874
  71    195    288
  72     92    129
  73    658    179
  74    396    768
  75    732    468
  76    404    232
  77    193    429
  78    467    308
  79    224     64
  80     15    599
  81    424     53
  82    254    379
  83    820    565
  84    141    778
  85    614    312
  86     55    359
  87    949    664
  88    726    706
  89    459    742
  90    890    525
  91    525    820
  92    217      6
  93    204    760
  94    106     35
  95    706    934
  96    181    748
  97    705    528
  98    818    836
  99    339    428
 100    403    952
 101    720    653
 102    877    206
 103    942    584
 104     14    186
 105    225    707
 106    201    188
 107    358     81
 108    418    675
 109    347    725
 110    560    983
 111    225    713
 112    375    662
 113    592    402
 114    481    742
 115    721    142
 116    692    272
 117    517    183
 118    324    336
 119    462    136
 120    588    528
 121    412    380
 122    474    722
 123    708    468
 124    373     43
 125    936    416
 126    354    596
 127    706    260
 128    260    447
 129    136    694
 130    881    606
 131    121    878
 132    597    696
 133    295    820
 134    714    635
 135    372    949
 136    302    304
 137    789    144
 138    628    629
 139      6    114
 140    402    144
 141    265    786
 142    861    115
 143     20    813
 144    674    820
 145    888    503
 146    622    826
 147    763    638
 148    226    108
 149    591    330
 150     93     79
 151    462    258
 152    641    791
 153    150    568
 154    735    591
 155    239    446
 156    773    316
 157    806    377
 158    983    294
 159    114    959
 160    470    186
 161    229    383
 162    541    292
 163    487     43
 164    662    997
 165    993     60
 166    893    414
 167    874    955
 168    371    949
 169    979    483
 170    131    725
 171    699    715
 172    349    701
 173    274    238
 174    285    471
 175    151    182
 176    445    593
 177    336     33
 178    186     47
 179    384    685
 180    420    201
 181    588    252
 182    459    514
 183    746     57
 184    966    105
 185    103    745
 186      9    642
 187    807    287
 188    741    635
 189     47    507
 190    106    440
 191    658    977
 192    577    792
 193    471    641
 194    954    360
 195    209    313
 196    983    874
 197    380    386
 198    716     56
 199    907     61
 200    959    638
 201    191    777
 202    365    710
 203    523    468
 204     16    544
 205    561    544
 206     92     23
 207    475    106
 208    217    714
 209    872     73
 210    797    689
 211    150    904
 212    145    464
 213    553    231
 214    277     97
 215    763    273
 216    619    502
 217    946    561
 218    347    635
 219    501    470
 220    574    757
 221    769    881
 222    562    520
 223    163     78
 224    728    915
 225    832    484
 226    779    810
 227    297    686
 228     19    688
 229    831    803
 230    363    888
 231    966    545
 232    969    804
 233    775    210
 234    460    955
 235    942    139
 236    986    956
 237    240    313
 238    910    339
 239    607    459
 240    444    865
 241    400    474
 242    734    875
 243    306     73
 244    533    141
 245    785    136
 246    174    545
 247    528    435
 248    771    812
 249    640    249
 250    609    824
 251    470    269
 252    471    967
 253     84    304
 254     76    422
 255    379    946
 256    155    689
 257     17    226
 258    714    420
 259     17    534
 260     33    962
 261    570    210
 262    346    118
 263    668    716
 264    485    273
 265    229    605
 266    263    184
 267     79    498
 268    710    710
 269    456    507
 270    161    885
 271     56    998
 272    108    823
 273    566    963
 274    199    409
 275    766     54
 276    327    366
 277     20      3
 278    560    286
 279    190    972
 280    256    373
 281    847    568
 282    261    494
 283    889    156
 284    581    194
 285    659    750
 286    221    607
 287    768    978
 288    634    203
 289    190    342
 290    557    382
 291    526    512
 292     16    855
 293    758    694
 294    923    584
 295    608    554
 296    128    262
 297    848    410
 298    664    448
 299    230    129
 300    188    363
 301    773    857
