   1    334     11
   2     19    468
   3     17    632
   4    958    640
   5    694    662
   6    550    752
   7    293    968
   8    835    382
   9     83    885
  10    122    448
  11     61     15
  12    135    435
  13    651    424
  14    990    293
  15    158    364
  16     58    310
  17    677    577
  18    844    246
  19    699    417
  20    136    348
  21    404     64
  22    963    314
  23    863     33
  24    348    453
  25    971    835
  26    773    933
  27     39    717
  28    574     23
  29    334    442
  30    623    771
  31    933    541
  32    504    346
  33    258    485
  34    788    978
  35    104    801
  36     34    629
  37    913    287
  38    675    128
  39    976    417
  40    860    628
  41     90    548
  42    669    387
  43    431    517
  44    806    331
  45    318    359
  46    457    721
  47    312    335
  48    314    774
  49    151    676
  50    639    735
  51     57    930
  52    593    343
  53    745    225
  54    263    651
  55    286     57
  56    216      3
  57    124    264
  58    313    212
  59    228    169
  60     32    484
  61    334    112
  62    338    369
  63    743    103
  64     36    569
  65    542    449
  66    864    324
  67    131    803
  68    411     87
  69    423    405
  70     74    219
  71    288    637
  72    299    834
  73     25    345
  74    382    943
  75    591    211
  76    738    581
  77    134    189
  78    871    733
  79    799    790
  80    932    657
  81    801    858
  82    577     66
  83    768    579
  84    704    289
  85    238    967
  86    829    285
  87    577    820
  88    745    752
  89    977    149
  90    498     10
  91    303    246
  92    637    884
  93    648      6
  94    746     64
  95     34    832
  96    383    133
  97    166    106
  98    390      3
  99     60    478
 100     88    273
 101    367    233
 102    445    581
 103    907    492
 104    944    250
 105    541    864
 106    986    734
 107    755    100
 108    274    667
 109    691    471
 110    676    765
 111    518    225
 112    201    965
 113    599    596
 114    839    996
 115    913    253
 116    808    727
 117    607    633
 118     23    568
 119    490    536
 120    609    980
 121    314    275
 122    388    269
 123    313    157
 124    932    201
 125    507    794
 126    163     63
 127    564    834
 128    465    640
 129    625    812
 130    557    338
 131      2    407
 132    640    560
 133    549    710
 134    345    486
 135    787    117
 136    735    490
 137    963    882
 138    601    454
 139    660    366
 140    500    959
 141    970     27
 142    439    574
 143    251    400
 144     86     47
 145     83    313
 146    222      3
 147    749    491
 148    245    824
 149    311    506
 150    667    858
 151    496    565
 152    700    547
 153    823    136
 154    624    990
 155    583     65
 156    553    578
 157    728    244
 158    115    998
 159    658    148
 160    315    725
 161    399    839
 162    818    928
 163    621    169
 164    789    416
 165     58    464
 166    830    670
 167    783    435
 168    405    391
 169    299    195
 170    458    252
 171    741    938
 172    731    358
 173    913    383
 174    184    820
 175    870     75
 176     35    895
 177    448    203
 178     28    825
 179    782    265
 180    142    431
 181    837    429
 182    531    330
 183    323    615
 184    847    369
 185    330    731
 186    813    837
 187    277    240
 188    689    504
 189    390    615
 190    899    795
 191    387    524
 192    274    626
 193    627    400
 194    138    453
 195    111    790
 196    544    929
 197    864    726
 198    439    903
 199    660    490
 200    668    409
 201    993    569
 202    921     75
 203    687    511
 204    621    821
 205    575    628
 206    687    329
 207    153    351
 208    886    908
 209    564    805
 210    891    419
 211    955    356
 212    701    920
 213    738    244
 214    916    202
 215    552    178
 216    882    568
 217     40    271
 218    108     58
 219    370    922
 220    739    719
 221    835    333
 222    561    692
 223    834    188
 224    227    943
 225    988    194
 226    987    457
 227    938    490
 228    526    424
 229    529    649
 230    967    629
 231    140    698
 232     81    856
 233    792    353
 234    767    460
 235    516    698
 236    680    620
 237    817    696
 238    432    497
 239    418    211
 240    393    314
 241    715    266
 242    235    923
 243     38    183
 244    486    183
 245    479    754
 246    291    909
 247    405     41
 248     39    214
 249    516    865
 250    260    337
 251    770     16
 252    550    673
 253    479    720
 254    222     14
 255    451    343
 256    937    345
 257    169    213
 258    338    230
 259    293     40
 260    816    577
 261    837    902
 262    200    179
 263    927    663
 264     70    143
 265    217    711
 266    275    403
 267    759     50
 268    376    370
 269     96     21
 270    585    807
 271    890    446
 272    366    902
 273    916    389
 274    709    226
 275    113    376
 276    144    372
 277    647    548
 278     61    367
 279    257    499
 280    297    108
 281    623    200
 282    429    644
 283    452    491
 284    978    267
 285    296    949
 286    521     67
 287    926    440
 288    433    464
 289    254    651
 290    117    560
 291    405    571
 292    846    108
 293     87     74
 294    974    114
 295    598    885
 296    391    829
 297    725    636
 298    286    823
 299    519    926
 300    468    451
 301    134     57
