   1    113     49
   2     61    847
   3    708    114
   4    304    861
   5    210    709
   6    640    661
   7    252    257
   8    567    170
   9    456    546
  10    492    214
  11     60     79
  12    767    532
  13    407     76
  14    143    525
  15    520     45
  16    110    159
  17    260    789
  18    129      9
  19    184     59
  20    999    987
  21     74    607
  22    417    892
  23    583     36
  24    320    499
  25    177     79
  26    501    936
  27    375     25
  28    560    953
  29    788    272
  30    718    698
  31    930    244
  32    861    223
  33    634     32
  34    243    359
  35    673    530
  36    850    956
  37    368    412
  38    712    123
  39    704    741
  40    971    453
  41    287    871
  42    807    821
  43    115    866
  44    298     37
  45    154     97
  46    765    824
  47    386    468
  48    137    118
  49    239      4
  50    180    460
  51    332    579
  52    527    723
  53    791    630
  54    129    554
  55    910    694
  56    655    751
  57    117    621
  58    932    105
  59    858    393
  60     86    516
  61    793    239
  62    178    213
  63    198    271
  64    428    644
  65    620     81
  66    993    149
  67    830    277
  68    798    536
  69    753    186
  70    888      9
  71      8    905
  72    951    638
  73    303    526
  74    646    172
  75    270    866
  76    689    594
  77    383     99
  78    466    183
  79    748    250
  80    925    255
  81    876    943
  82    665    900
  83    686    750
  84    800    478
  85    317    405
  86    459    685
  87    122    219
  88    827    199
  89    855     79
  90    747     14
  91    522    178
  92    719    365
  93    204     50
  94    483    930
  95    590     48
  96    736    274
  97    868    482
  98    550    322
  99    782    731
 100    811    104
 101    671    566
 102    425    255
 103    343    510
 104    874     18
 105    894    415
 106    699    817
 107    659    877
 108    519    602
 109     74    183
 110    349    364
 111    967     68
 112    667    212
 113    734    892
 114    260    866
 115    876    316
 116    324    836
 117    185    331
 118    315    704
 119    518    842
 120    845    602
 121    976    300
 122    580    226
 123     80    667
 124    607    656
 125    748    658
 126     61    915
 127    855    494
 128    780    835
 129    381     93
 130    940    638
 131    992     32
 132    172    291
 133    438    398
 134    237    433
 135    796    851
 136    994    417
 137    434    691
 138    302     52
 139    213    172
 140    432    898
 141    511    166
 142    926    237
 143    324    292
 144    663    893
 145    893    916
 146    467     85
 147     45    994
 148    607    558
 149    865    889
 150    924     28
 151    454    434
 152    223    849
 153    147    894
 154    989    617
 155    170    488
 156    171    487
 157    199     23
 158    170    907
 159    986    178
 160    684    879
 161    533    347
 162    509    768
 163    396    560
 164    194    585
 165    544    407
 166     62    595
 167      2    944
 168    727     23
 169    967    902
 170     66    417
 171    305    485
 172    208     13
 173    383    119
 174    575    276
 175    597     46
 176    364    280
 177    345    516
 178    965    859
 179    432    279
 180    121    124
 181    927     86
 182    551    753
 183    183    685
 184    279    186
 185    640     51
 186    331    710
 187    580    637
 188    514    253
 189      2    992
 190    803    537
 191    128    914
 192    463    420
 193    479    976
 194     44    248
 195    761     41
 196    744    780
 197    262     15
 198     85    594
 199    904    571
 200    498    130
 201    117    582
 202    472     59
 203    918    449
 204    816    925
 205     37    988
 206    815    183
 207    518     80
 208    379    146
 209    823    535
 210    667    588
 211    781    707
 212    687    509
 213    933    748
 214    237    520
 215    718     65
 216    436     77
 217    955    815
 218    722    944
 219    396    383
 220     40    332
 221    153    508
 222    580    173
 223    260     36
 224     93    753
 225     81    337
 226    357    383
 227    852    433
 228    693     39
 229    627    657
 230    337    973
 231     52    432
 232    885    704
 233    835    306
 234    603    344
 235    820    343
 236     53     70
 237    453    330
 238    230    397
 239    855    253
 240    816    893
 241    121    579
 242    183    745
 243     12      4
 244    192    251
 245    979    415
 246    341     51
 247    563    696
 248    279     82
 249     54    250
 250    942    862
 251    181    840
 252    937    187
 253    216    777
 254    200    107
 255    421    688
 256    847    376
 257    677    922
 258    632      1
 259    868    188
 260    425    752
 261    251    353
 262    402    957
 263    161    213
 264    132    266
 265    114    453
 266    197    747
 267    832    127
 268     46    744
 269    901    260
 270    112     11
 271    135      3
 272    825    227
 273    163    988
 274    649    605
 275    535     66
 276    949    788
 277    135    489
 278    664    433
 279      7    810
 280    141    471
 281    876    939
 282    994    410
 283    553    843
 284    550    450
 285    758    643
 286    351    263
 287    653    359
 288    802    462
 289    217    913
 290    293    727
 291    205    322
 292    124    643
 293    576    257
 294    752    421
 295    573    202
 296    194    451
 297    501    468
 298    659    872
 299    350    466
 300    424    700
 301    770    735
