   1    431    336
   2    409    333
   3    820    570
   4    604    414
   5    606    487
   6    526    409
   7    434    256
   8    236    610
   9    241    641
  10    160    943
  11     31    724
  12     96    286
  13    476    226
  14    119    903
  15    657    371
  16    552    341
  17    377    541
  18    125    900
  19    666    634
  20    158    595
  21    616    348
  22    842    540
  23    662    669
  24    361    893
  25    672    620
  26    569    255
  27    575    763
  28    653     90
  29    958    867
  30    208    919
  31    904    970
  32    256     11
  33    871    178
  34    567    894
  35    593    566
  36    248    347
  37    968    540
  38    373    775
  39    149    333
  40    633    386
  41    267    252
  42    695    738
  43    466    582
  44     85    366
  45    670    946
  46    333    772
  47     41    591
  48    346    269
  49    379    302
  50    166    887
  51    520     28
  52    260    286
  53    352    316
  54    560    836
  55    296     71
  56      4    592
  57    196    261
  58    586    132
  59    928    664
  60    665    601
  61    799    265
  62    727    705
  63     46    220
  64     86    681
  65    187     57
  66    215    312
  67     36    561
  68    381    675
  69     56    433
  70    151    334
  71    653    420
  72    701     69
  73    147     67
  74     44    335
  75    544    125
  76    182    697
  77    114    109
  78    672    208
  79    991    698
  80    904    677
  81    260    126
  82    685    961
  83    418    583
  84    891    127
  85    113    518
  86     87    593
  87    120    539
  88    418    101
  89    150    617
  90     33    838
  91    229    387
  92    776    510
  93    796     88
  94    626     74
  95    143    798
  96    783    928
  97    320    632
  98    247     59
  99    300    161
 100    650     46
 101    916    426
 102    301    706
 103    895    794
 104    921    604
 105    313    583
 106    581    916
 107    555    106
 108    893    331
 109    806     52
 110    714    358
 111    283    730
 112    476     66
 113    601    660
 114    292    414
 115    643    623
 116    179    545
 117    304    450
 118    257    312
 119    832    669
 120    616    464
 121    282    573
 122    360    784
 123    514     53
 124    451    253
 125     30    586
 126    766    886
 127    517     26
 128    866    371
 129    122    851
 130    448    583
 131    962    251
 132    988    848
 133    301      7
 134    556    770
 135    591    840
 136    879    552
 137     22    127
 138    592    396
 139    212    450
 140    199    230
 141    538    441
 142    965     60
 143    661    928
 144    557    455
 145    148    249
 146    756     62
 147     77    776
 148    584    730
 149    551    232
 150    192    118
 151    841      1
 152     53    799
 153     47    325
 154    921    456
 155    364    937
 156    813    666
 157    702    199
 158    826    899
 159    173    212
 160    263    571
 161    456    324
 162    577    473
 163    998    878
 164    498    222
 165     80    266
 166    475    755
 167     86    261
 168    417    872
 169    738    765
 170    234    762
 171    755    345
 172    192    577
 173    793    432
 174    484    604
 175    777    706
 176    231    329
 177    152    926
 178    642     85
 179    914    791
 180    382    175
 181    586    155
 182    222    602
 183    182    468
 184    474    124
 185    406    394
 186    415    569
 187    434    557
 188    339    126
 189    171    651
 190    830    913
 191    963    706
 192    839    904
 193    679    320
 194    533    483
 195     79    949
 196    398    614
 197    359    840
 198    346    186
 199    910    634
 200    238    666
 201    260    833
 202    773    863
 203    742    525
 204    489    247
 205    246    322
 206    552    431
 207    712    433
 208    776    972
 209    795    382
 210    255    996
 211    557    839
 212    886    739
 213    133    582
 214    795    570
 215    815    813
 216    637    924
 217    404    508
 218    361    532
 219    993    406
 220    128    706
 221    524    150
 222    228     83
 223    391    558
 224    727    620
 225    706    764
 226    390    340
 227    818    424
 228     29    336
 229    428    264
 230    502    209
 231    531     83
 232    119    540
 233    797    401
 234    202    629
 235     41    217
 236    244    175
 237    676    491
 238    605    217
 239     21    461
 240    710    797
 241    153    531
 242     68    606
 243    282    553
 244    804    864
 245    710    960
 246    329    364
 247    364    910
 248    461    348
 249    474    737
 250    477    174
 251    537    266
 252    909    909
 253    610    859
 254    271    212
 255    142    475
 256    531    563
 257    554    542
 258    879    167
 259    718    209
 260     78    448
 261    926    465
 262    151    866
 263    680    978
 264    265    766
 265    880    746
 266    945    809
 267    319    234
 268    265    590
 269    977    526
 270    726    114
 271    835    595
 272    786    261
 273     33    864
 274    212    498
 275    229    483
 276     83    708
 277    856    730
 278    228    727
 279    947    674
 280    644     20
 281    882    744
 282    485     27
 283    639    935
 284    777    292
 285    508     15
 286    954    220
 287    979    594
 288    365    218
 289    609    421
 290    637    953
 291     31    591
 292    122    860
 293    864    201
 294    324    291
 295    595    329
 296    812    684
 297     17    711
 298    160    615
 299    615    191
 300    895    814
 301    255    791
